# Created by Octave 3.8.1, Wed Oct 01 05:25:22 2014 IST <dheeraj@khatripc>
# name: V
# type: matrix
# rows: 1
# columns: 4
 1 2 3 4


